image: map-strand-freight-5cm.pgm
resolution: 0.050000
origin: [-7.509214, -10.523944, 0.000000]
negate: 0
occupied_thresh: 0.65
free_thresh: 0.196

